143838
143837
143075
143076
143077
143078
13012
161466
161465
161464
161463
142906
1598
11359
144244
257298
257296
181537
134513
190914
190916
190915
190917
67521
149926
136846
10837
214144
236976
108196
16133
17063
17322
16292
17492
16621
16795
242545
65758
10282
10279
11146
11954
203834
213859
203833
203832
256568
32094
249465
132356
137785
264675
148664
147479
147488
147483
147482
147490
147487
147484
147489
147486
147492
147493
147491
14137
190713
190711
190712
190714
190715
58580
150480
138445
31348
203095
144885
144884
203096
144886
57591
11148
11417
131659
16338
15838
58619
136763
14995
100921
2654
202666
1700
164666
73417
164323
148736
173925
151338
162921
148633
154610
10947
10395
139441
148005
148004
148003
148006
137469
137472
137473
137474
137489
137476
137481
137482
137483
137484
137485
137486
137488
137490
137491
137492
137495
131919
137497
137498
137500
137501
137502
137503
137505
137508
161328
137499
140131
142009
213832
159580
142075
68969
70131
143643
143644
256727
256725
165209
57855
142935
142937
142938
143070
142940
142941
142942
142943
142945
142946
142947
142948
142949
142950
142952
142953
142955
142956
142958
142959
142960
142961
134390
165893
242374
242373
257616
73490
15933
57683
57675
57819
57752
57664
30604
32249
15663
14121
57786
57788
57783
143184
143102
132381
59635
57677
57684
57696
59768
57653
57650
57651
57649
57799
143106
57712
57709
606
957
58114
74447
142570
142569
142568
170607
99710
147744
148396
177595
172409
172429
135814
37126
159536
132085
172421
164807
136949
160311
132090
172407
172419
172413
172422
172414
172408
172418
132093
159850
172403
172417
171290
172405
172406
201494
201495
137694
137696
138561
137129
147598
137128
66488
66483
66482
137137
137133
137134
137138
137131
137135
66270
66269
68755
66245
68750
131662
66481
66486
66336
194881
132188
30857
15163
218061
218062
218063
236010
73539
137565
136509
244504
200208
200207
488
58029
149592
149588
137111
137047
14549
137112
137113
32025
136367
32163
135786
30780
31073
32072
209682
131814
145954
145952
138152
138298
146387
14380
2498
12570
64062
58091
134539
134540
14033
14603
134544
14786
13892
13894
134545
4821
56210
56042
56221
56232
55818
55819
56040
56228
55823
56243
56227
56234
56222
56224
55829
56226
56242
55815
56216
56236
56233
55824
56219
56209
55822
55827
56038
56036
55831
56217
56238
56037
56220
56213
56225
56211
55830
56237
56223
56240
56239
56241
134110
138658
138659
138660
138661
138662
138663
138665
138666
138667
138668
138669
138670
138672
138673
138674
136713
52287
157348
157349
157476
145621
241972
161447
161448
277225
207865
161451
193724
193725
170029
93968
58883
93563
10765
155621
155608
155610
155616
157810
60844
60845
161992
161993
161994
1609
1678
57902
172032
172033
11520
1593
14216
143994
57765
57823
138611
138613
138614
138615
138616
59356
138617
57760
57828
138609
138610
138619
137250
256379
169979
169980
60888
60887
547
10321
4577
60890
60854
60858
60842
60865
1159
60916
532
1157
30575
157778
60910
60831
60834
60832
60807
60869
60809
60816
60825
145942
145944
60775
157794
60780
60779
157795
60808
10442
60803
60833
157796
60797
157797
60830
157798
60712
157799
60814
60802
60804
60805
157803
157804
157806
157807
157805
60824
157808
60815
157809
60821
546
4621
60889
1649
12766
66235
12684
133762
137627
157922
260010
142746
222776
238318
17102
145394
145393
145397
145395
257197
257182
257196
248549
290016
37234
14259
210171
22423
68543
68551
170581
137238
151499
1707
150220
85718
4888
15445
185960
185959
185958
1628
152505
152506
13853
30639
140874
140875
140876
140877
144206
144205
144208
234604
234605
178262
200765
134929
153392
140615
140616
235610
167085
235609
146099
146098
146097
146096
137282
255682
184735
154452
154453
145551
145552
133581
109530
138060
138211
134960
135302
138209
10735
14417
94972
14492
31206
14038
31205
14299
136796
13802
31244
14228
14302
214100
145102
258937
145104
258936
268734
162451
162450
162452
14179
168623
158384
172006
172007
172008
71203
146687
146686
13683
147995
147994
147996
147998
173294
173295
1704
141508
31974
223300
223299
10785
10802
91189
10779
10795
10798
92064
92057
10797
10793
10778
10780
10786
10801
10787
10782
10783
10789
227404
196315
196314
2937
66204
12665
12262
173620
59825
77767
147068
147069
145416
157285
177133
563
160252
134806
62120
162787
150616
134770
1277
9966
78094
165627
122844
142227
154426
82311
12245
1286
11328
155387
283811
275766
233159
233160
58098
58049
131867
148332
243107
142491
14254
181765
138076
140203
138077
140244
235204
177783
14521
13671
156223
156222
258535
258534
258533
258532
258531
83207
146405
10024
11637
11404
87850
97928
161691
161690
161689
1674
233191
233192
15828
141287
258929
258928
145150
165745
165746
165742
165744
165741
134728
194927
15573
31211
12988
283842
30904
140638
140637
95631
199159
169677
145911
145913
145916
145915
185131
185135
185134
185133
256243
256242
178013
30497
180260
137681
136845
139811
147882
147881
147883
147880
143752
153221
153222
153220
14415
174423
211647
143885
143888
143889
13915
211164
211165
5875
214212
214213
214214
214215
120577
146000
160481
2914
137838
137839
137840
137842
162635
146449
146452
165805
146453
146454
183871
183872
133465
133462
31178
133463
290773
135118
257411
202481
282726
149753
190437
149754
216433
216434
174976
174973
139468
67914
118225
139465
13674
143323
147752
147753
265935
401
170573
147300
188791
147306
147304
147301
145812
192530
73818
275416
15826
30408
253400
253401
144525
144526
144527
144528
143715
136400
136402
147807
147809
147870
15191
14124
59097
16515
115556
58208
58162
59620
137624
13277
13271
13276
10126
137052
13764
145078
145082
145084
145081
145079
145083
166829
160412
157714
157715
157716
59962
140793
141879
141881
140269
4793
17426
4792
13783
17424
17429
16405
17428
17430
17431
17432
145589
16774
259359
259358
215144
158708
164271
14672
15854
30563
59179
141480
142900
185212
185213
185214
185215
185216
185217
136902
134883
57694
57826
37278
248086
248085
560
260131
13790
152525
152526
15848
14925
142020
1690
218810
218808
281174
82357
170502
131815
258899
258900
178764
178763
178762
141747
148810
148811
149669
149673
149671
149676
64026
173461
178039
144045
144046
144048
144049
178040
137654
231392
231389
176294
231386
139659
140909
140908
143631
143625
143627
143630
1591
132328
133750
11375
142468
164048
169619
169620
169618
169617
169616
169615
169614
289632
289633
15764
5113
254096
254097
172746
247873
247872
17073
232218
182639
182640
182641
192037
192036
192035
192034
192033
192032
14134
144785
196185
196186
144787
501
161834
161833
161832
161831
169751
286085
18013
258717
149512
235229
94452
188683
188689
188688
258416
258415
188687
147449
147451
59739
158198
79639
80108
190922
138430
216583
97455
149770
149766
149765
149764
149763
149771
149768
198928
82529
144149
237092
144153
144151
144150
237093
144152
151519
260445
153974
158069
158070
142093
232080
232079
30993
15613
147279
189120
147280
147282
189119
147281
205390
13641
173433
600
185117
185116
135154
218034
202408
212077
171913
154506
257610
154507
97072
59779
138294
146026
214882
218091
15863
188311
179369
136556
218088
17561
14456
57918
175158
143348
152297
248822
155806
1610
199659
199660
147504
14928
14930
11285
14981
115941
14907
14974
31092
14933
15088
14979
14977
14972
15086
59116
14971
15089
15087
15084
14936
165610
15090
14976
115762
14982
11286
14978
11283
58297
14967
14975
15083
14931
14939
14932
14970
11287
11284
14926
14940
60383
14973
14927
86802
32186
14266
133622
31228
132219
15257
12968
17210
16286
15845
185054
58335
14204
57732
136857
177802
156722
257440
160401
209717
134491
134493
134494
160488
275280
275279
160489
2457
11786
11788
11791
11793
11801
11802
11804
2720
11159
11807
11810
11784
11785
148161
173256
148162
174184
174185
174183
174182
173056
155679
155681
155680
500
255606
248826
216301
216302
172767
257036
275781
257025
282842
282841
282840
135001
135002
154966
215981
134323
206851
59772
181183
181184
56732
175466
134614
282656
282657
188843
136349
152094
152092
152090
152091
152093
162189
162188
167561
242450
210201
210202
165400
241913
145250
139104
142297
142302
142299
142300
142298
142301
158230
158231
235145
15152
169803
32097
15151
194188
194189
142466
146012
146011
146009
146010
142982
142984
142985
142986
142987
109750
142992
142994
142995
142996
142997
142999
143000
160911
143411
143486
57663
162176
162177
162178
162179
162180
160849
76246
108586
141193
173965
57888
161962
161961
161960
136802
11071
64048
290006
230840
37320
139931
179296
152358
152357
152356
231415
37167
37152
144113
16372
239575
239576
145046
16296
139327
17741
58338
143085
57679
138124
15982
58499
57681
218045
180645
173344
173446
15983
14311
57750
59202
59204
59205
57757
58910
59206
59207
57645
57707
57756
37137
14587
31688
132192
132191
31686
31685
151058
167538
284803
199200
199201
145116
82765
82647
12361
78307
17039
68612
138942
258709
149660
281971
149661
65870
173290
173289
58108
255737
138992
231290
231291
58144
79709
161694
161695
161696
10224
255811
136538
136809
136833
136834
137616
137611
137655
107054
138029
57713
138242
143970
57993
57820
137099
144024
106459
181463
257540
239929
143651
239928
58606
58084
260508
174073
260534
96694
164066
196244
196245
144924
145272
145270
156921
145271
499
210915
210916
210917
210918
80787
1699
157792
7722
7733
31488
31027
33077
48085
15475
37438
58369
15877
174404
58166
15536
13045
48082
48076
15470
199282
199283
199284
179563
179564
179565
179566
194694
237578
169137
13902
148507
275654
148511
148508
148509
140986
140991
140990
140988
290371
162654
216153
216152
216151
270772
270771
180682
180683
180684
180685
147933
147936
147934
138142
163067
163068
14255
31748
241437
131961
143854
143853
137746
267223
267224
138862
141046
141045
141047
235665
235664
10774
493
212715
136026
136028
136029
136031
136032
136034
136035
136036
136037
136038
136040
136041
136042
136043
136044
136045
136046
136047
179779
136049
136050
136051
136052
136053
136054
136056
136057
136058
59365
136111
136113
136114
136117
136119
136121
17887
17899
31886
17901
17911
4549
17912
17915
17920
17924
17925
180191
15968
15974
14265
31946
31948
31949
31950
31951
31953
31956
31957
16032
16033
157684
93402
157680
157681
157679
15994
31687
16002
16001
465
15965
16275
264522
194971
136854
136901
10922
12243
11674
66207
53769
53095
52765
52696
53809
52873
52906
52951
52973
52801
52824
53270
53200
53176
14309
116409
57657
58549
178340
19199
267055
141787
141788
149707
275136
275137
169799
14355
189367
189366
245023
136317
233579
233578
233577
233576
233575
178142
14414
70138
260422
260423
282105
13755
139444
159391
180917
159393
225351
138220
138216
154471
154472
200198
212274
212273
10220
187252
187250
187253
187249
169583
187251
292673
99724
16810
143920
177638
153546
10761
134839
60014
60016
60013
60015
157760
157761
157759
10760
10095
175829
175826
175827
175828
11734
282715
225241
22558
196401
196404
196403
196402
195254
195255
195256
195257
164159
222428
9854
166125
166126
166127
166128
166129
166130
166131
158379
58102
275414
196168
196169
192373
192374
237516
146364
146363
179639
179640
179641
157845
157816
179289
137880
14357
159568
159567
159566
159565
95629
31411
164390
206300
206299
139824
140931
140928
140930
140929
205839
205840
12667
144963
524
68713
595
65650
181966
201651
183146
183147
183148
183149
183150
183151
181499
181498
181497
167
217575
135851
282714
225231
189049
153071
257817
236631
149338
206447
203565
14352
148840
148839
148841
157291
31557
153721
58109
185290
284804
1684
233746
141007
141008
141006
143522
143279
143524
143525
143526
143528
202895
134569
159382
192184
13084
57996
165178
63340
31180
212235
164186
164185
16137
10814
78321
163727
163877
163840
163842
163728
163729
163731
552
185163
65730
143871
143870
138721
138723
138725
138726
138727
138728
138729
138730
138731
138732
138733
138734
138735
138736
138737
138738
138739
138740
138742
138743
144461
676
141406
255373
255372
141405
141404
255371
141400
196358
255190
2612
149
163774
11824
75060
14
58392
140972
140973
140975
200694
189307
189308
141234
13964
244665
65800
135797
199266
141728
15300
173535
173534
173533
173532
132339
222431
126739
149748
167216
167217
149746
260466
260465
181390
211984
211985
34375
160701
160700
215758
215631
194630
215714
205980
205982
16115
205983
215705
206016
231202
215689
205976
205984
205986
215688
215904
17047
205974
232024
141740
214502
140561
207705
207798
207703
207702
207701
32166
147762
147761
147756
147758
147760
205585
196183
147890
1677
403
137235
66213
4662
144668
37133
71377
1240
1266
81542
11325
145057
147092
145139
135785
133657
147101
176859
176715
71565
62092
58452
12768
32265
163372
147090
164296
66805
80240
13216
147091
1204
77919
13365
79289
31166
147089
598
79630
65267
147086
172371
234500
188141
188142
188143
188144
188146
188145
188147
234498
16554
157885
77924
146427
211015
482
68819
1584
132239
14213
151416
151415
151417
142386
142387
142389
2382
183045
143833
167848
14815
149000
148999
149003
149001
166821
149002
138036
138037
138039
138040
138041
138042
143817
211240
211241
154345
154346
154347
148288
248163
148289
148293
148291
269085
269086
163013
88364
186310
37434
13796
223841
223840
214131
142269
211503
257727
257728
31134
215315
215316
232108
232109
232110
160589
173843
173844
31599
51302
151280
151279
180584
267121
267122
6
30383
138433
30381
5785
37361
178054
143332
143333
143276
140722
10736
72591
14351
157887
157888
176922
215343
176921
57884
155133
155134
155135
155136
232579
173900
147238
58092
144956
144958
31436
9790
163663
67682
226643
108463
152343
172109
68387
140456
140457
140459
2397
65792
65824
65798
126080
13346
1821
174378
102005
254033
254034
247150
233469
138239
253938
143864
143861
143862
143868
143865
143867
143866
143863
117105
145570
180850
15851
15369
15370
204232
291674
149548
149549
149551
14382
141905
165687
169804
181101
13948
178536
30489
141523
141525
141526
141528
11800
11805
2721
239190
239191
239192
139348
139346
139349
234373
236289
15388
148242
137979
151672
151674
151673
31551
214009
220034
214014
216989
148140
150537
150536
150535
59546
190438
190439
190442
190440
190441
214890
234614
234615
234616
180361
180362
160267
154851
2335
15438
256177
256178
256179
22983
147326
147327
14488
148814
148815
115449
191294
191295
14313
133901
182332
182333
76171
142825
142826
142810
243455
243456
137256
169411
169409
169410
155892
158720
188039
181979
180211
60406
215883
231053
256136
148194
58093
474
254405
14422
72654
131829
131830
233699
145838
145839
1660
182024
182025
182026
16421
140374
140378
140375
140380
140381
140379
140382
32139
147148
261461
261460
261459
261458
261454
65677
57623
57702
143193
57797
57729
57722
132456
132455
132430
132431
132432
132433
132435
132436
132437
132438
132439
132440
132441
132442
132443
132444
132445
132446
132447
132448
132449
132451
132452
132453
132454
136262
107920
137888
178163
104909
178164
138500
138502
205785
16828
16827
13904
213410
143235
143236
143237
284159
172031
172030
172029
172034
168502
168503
207757
207758
203861
149443
31196
14388
1661
12736
85119
12453
11390
2553
13338
76044
82230
76144
2555
13342
257558
186061
143722
233604
259152
155792
155791
155790
155789
155788
10940
126791
68676
11578
156982
70924
68744
68407
157086
126806
146418
1272
70923
160253
146424
146419
126808
126807
126794
146484
146491
146489
146486
15554
16008
31494
160413
37424
264652
158288
13782
141024
17633
14234
14348
291899
1671
206957
206958
203296
203297
178152
178151
178150
178149
17199
283658
15653
180560
150824
58848
155488
180559
134613
149788
149794
149795
149790
149793
158657
158656
66234
254332
254333
149267
243650
156051
156050
156049
156048
147028
66057
138434
280022
280020
280021
248584
165891
30694
290073
233546
233547
233548
233549
14466
177381
177380
177379
11109
243003
159194
159195
159196
134580
138894
136677
231817
138895
138898
138623
138899
138900
138902
138903
138747
159300
151350
205572
86983
240148
149510
240149
120258
170472
170476
170475
170474
170473
240571
154001
148536
192420
192421
1227
22544
11906
147918
147920
145929
145927
145928
145925
233542
123913
57879
57880
50907
59771
145814
145815
69761
135666
143906
143907
143910
143911
57777
143909
211693
149094
257406
257696
119696
135568
146067
4696
210064
137083
156440
145358
145362
145360
167562
36731
1618
138847
35982
36767
147367
36629
145378
146189
146721
147368
147369
147370
147371
147365
149885
142168
142169
163854
163838
164068
131729
163672
164069
163994
212395
187847
15416
31261
144117
176186
75412
150686
150685
146574
140856
140857
140860
490
1952
145919
32269
32022
249953
162894
241268
162895
171943
171944
171945
171946
171947
139631
10573
78879
65687
65845
65672
66202
65707
13503
65708
10921
65703
13211
65631
12672
65412
10934
65721
10926
65863
13441
157382
10924
137631
66071
65628
11677
132284
132905
133220
133018
5116
5112
5115
131845
132281
213480
213481
213482
213483
132323
136864
172791
172792
172793
172794
153243
153242
153241
153240
14093
14094
164223
164222
145136
145137
10079
143847
143850
143849
9789
70922
163659
136430
107000
136771
17037
19875
184225
215573
37405
214529
145068
145069
14349
17666
253822
253820
253821
275751
156555
156554
181526
169494
169495
169496
169497
169498
58070
154117
14411
161435
177708
177709
177737
169644
180943
156922
154476
154477
154478
258334
59103
175360
175361
175362
191327
191326
178323
183023
183024
183028
183030
183029
183031
15158
146347
240146
240023
72074
149813
14569
15624
15623
15625
129646
277158
147434
216757
17259
282843
150360
203417
179083
30676
30613
141200
141202
141197
141196
141201
258893
141199
17560
104263
169805
13880
15780
30567
14487
14303
30620
15791
30586
13857
58105
15637
15636
30619
14346
30615
14452
30671
14339
30662
154719
157843
241521
241520
178858
178859
178860
152232
152231
179670
179668
179667
179666
149682
201040
11034
260132
13495
641
146434
146433
137783
173482
173483
173484
275200
275199
275197
275198
275653
161295
161296
218054
201957
148287
181528
181527
147218
147221
158191
158192
57784
57966
57745
138002
57801
138004
138006
138008
136994
164756
210430
138010
112316
159079
159081
159080
31097
204067
11830
57943
154918
154920
154919
154917
11616
166746
166747
166748
166745
166750
166019
166020
166021
166022
166023
12997
12996
12916
12949
12948
30794
11919
12947
30820
16225
11879
11168
30822
30821
11169
16224
196744
154746
57643
57644
57647
57734
57648
138288
143390
268699
183935
183939
192803
183940
192804
138141
17572
217119
198818
198819
198820
198821
149907
14421
161499
148618
11152
141786
149819
149821
149820
58008
176677
176679
176678
143372
59632
138589
57721
144004
193961
17201
145050
213902
153386
153387
153385
12471
233266
30998
234205
234203
31085
137461
16014
146118
146117
284666
157733
154214
154212
154213
178924
284855
284854
232850
236330
236329
236328
236327
13762
285904
285903
152253
285902
152251
195862
285901
195863
149611
149640
172540
225203
134467
159277
155822
68155
68156
155823
155828
155824
155825
155826
256730
155827
215068
256729
212306
256637
11433
256684
215067
256630
155867
65148
177252
223750
171342
212305
256632
155874
177251
65196
220789
155882
155883
155884
155885
155886
155957
155958
155959
155960
30430
30432
30453
30431
30433
67459
231889
30434
165024
13855
148738
148751
148748
10811
292758
261706
8986
233505
133700
136906
211697
205628
200500
211180
214499
211181
200501
136959
141489
135661
135368
59573
150058
153339
86312
58037
153361
153357
14545
152702
152716
153367
13642
153368
13547
136954
153370
31874
153188
153359
146325
150059
153358
136957
136958
136960
136961
153342
153360
136962
136963
59571
136964
150713
31127
135688
59027
17686
198524
155228
155229
155230
155233
155231
155232
163914
5032
11990
1867
158494
74179
117991
146075
1873
74191
70076
170504
11988
17871
73794
155179
220626
122857
59541
142626
142627
136918
16261
1681
86197
205704
148254
148253
205703
145894
145900
145898
145896
145897
180624
57796
179135
179138
16073
481
177501
177502
145340
145339
185253
145338
177515
177516
181380
181381
193642
181209
181210
16181
136933
136934
15288
178045
143368
138874
138873
156862
136867
136868
136869
131833
138556
143451
178044
143440
12211
13805
76890
71508
159408
12762
151698
166884
166886
166885
166887
142969
142970
142971
16690
151118
151116
151117
62835
169572
169573
169574
235616
235615
235614
235613
239123
239122
239120
239315
239134
239131
239125
239124
239121
237432
239119
235612
148896
15913
15915
174569
161433
15321
157172
157173
17479
142432
142430
220336
220335
220334
220333
220332
178271
13465
151489
156628
156630
156629
141462
141463
141464
15363
182685
58254
141863
141861
141860
57635
17363
133456
173437
140321
207007
207005
239487
107
433
470
165034
165035
165036
145807
140053
16289
134050
59640
134054
134055
134056
134057
134058
134060
134062
134063
134064
154774
141299
141298
285378
285377
285376
16019
158939
158940
16667
141475
165226
205614
138537
232134
135581
142610
142609
142606
218375
218377
218376
178546
179822
179823
146616
235937
257748
235936
145059
14045
31145
31699
253851
133773
143472
209363
167180
248122
248123
135010
232332
232334
131901
131906
202567
202568
202569
275321
275322
148173
194780
194781
194782
194783
212736
212737
212738
282257
212741
291787
15611
15612
153233
200528
31147
16288
10172
203324
203323
203322
151107
147003
182923
182924
243967
213589
144175
144176
1705
141617
2502
170416
170417
170418
12106
58872
207215
143596
143597
146261
146259
37324
269195
230826
58987
244153
244176
244177
244178
136531
136533
137981
57743
249922
147470
147472
180306
180305
174821
1621
15319
116304
1672
58101
16434
16566
179932
94977
16822
173488
173489
173490
141818
166868
73463
164902
164903
17510
219593
188812
188809
142364
188810
188811
142363
142361
142362
188819
164277
164278
133769
236770
236769
236768
90297
238404
147869
175641
175642
175643
31467
111380
36765
58087
13950
13900
13942
13978
14035
14049
14050
5081
14320
14322
14397
14413
14431
14454
17005
15629
31002
31006
31007
31005
17019
30995
17018
12258
14202
135
218057
139173
139047
248719
163466
163467
70618
17340
175358
839
203567
203566
172457
172456
172455
172454
191940
191941
191942
191943
191944
14749
14884
15135
37230
156957
176779
171510
171511
171514
171513
171512
1687
62797
148382
148384
171903
81622
148228
148227
275678
137725
177875
32103
32101
135902
58509
135123
32102
57762
57774
57693
57753
143932
143933
143937
143938
211423
143925
132386
57670
143939
282004
231205
282002
282005
282003
141459
17208
17209
15683
58106
17207
244996
134142
165598
165599
165600
231553
133786
133797
133771
133770
133774
133775
133772
133776
133777
133778
133779
133782
133783
133784
133785
133789
133791
133792
133794
133798
133799
133802
133803
133805
133806
133807
133808
133809
59232
133811
133812
133793
161311
149558
14412
146370
146373
146374
146375
146371
173477
114668
109974
202413
137662
137663
137664
149985
143572
143571
143573
14418
14321
146461
138205
31678
259533
33705
89146
153497
289224
148512
148513
285712
285713
99139
4953
115927
181944
181947
181946
12296
148568
242674
148569
17545
54014
54027
239133
244797
16174
212255
212254
185235
13700
148063
156992
31791
144577
144576
144571
159949
144568
144575
144570
144569
17362
134710
31025
17361
31026
16817
15960
16820
16870
136690
31029
136691
30976
31030
31024
136692
16816
243284
59983
223535
231408
231409
251075
218207
58461
58068
30744
31091
269022
16705
146670
195319
146669
232017
178315
132329
137730
137731
137733
137734
137735
12185
12184
76105
77070
181104
170336
170337
140479
248872
231087
248873
101885
242115
273699
5337
142802
14387
13587
165990
133875
16291
142451
212860
138633
148679
148674
148675
148678
148676
234231
289113
282710
185282
185283
185281
185285
136783
149357
149360
37233
58950
134802
134799
16021
32241
17398
149354
139651
131810
10707
176943
176944
176942
136406
136432
136433
136434
136407
165007
273926
169729
187970
169728
169732
31017
10222
2904
205611
2905
1624
246974
154984
154985
8365
243856
243855
68502
148951
171745
148952
155752
174598
174599
174600
216770
59038
204537
141336
141340
141339
141343
141338
141342
141341
172611
146119
135616
146110
146104
146105
146109
146102
146107
146112
146113
146103
146101
146111
146106
241091
241092
241093
241094
241095
241096
188486
211608
211607
181093
2242
165405
158378
165406
165407
165408
4695
185525
244146
160368
103111
273805
16062
857
154621
149498
149497
32
30509
177718
177719
177720
177721
14420
31266
141481
141482
196834
234021
234022
65996
201043
14192
196490
155079
179451
179452
15492
58577
15497
15496
152401
152400
152399
14485
32084
144028
144030
144031
139935
257419
1675
168857
168856
97716
168861
168862
257604
257605
158612
158613
242719
159647
159648
172424
206588
13946
369
206658
206659
203329
203330
59118
144164
144165
144163
233187
201773
233188
201774
95436
279763
279764
279765
237518
237519
237520
132899
1625
86611
86630
133184
86624
195634
143414
134648
134649
31223
140854
142866
142867
144544
144546
202741
58829
58831
58832
133747
144116
37270
37271
192437
148564
148565
148567
231545
140161
140176
140279
140200
140280
256181
185435
185436
185438
185437
243089
145290
211359
132141
178291
171707
148135
143148
147740
143149
200270
200271
200272
200273
11943
11944
11952
11949
11946
139832
31118
11942
11953
139836
11132
139838
11134
139839
11947
11140
11950
37281
11142
167994
148422
232055
13729
142043
31285
142185
142183
275203
148074
96510
14324
139622
140442
140444
140446
205112
205113
53901
146569
58066
88270
11871
143786
143797
143796
204116
185908
1708
157883
155359
142758
159056
159057
193364
142756
159058
283719
159059
283718
193363
143673
131844
232419
232420
13352
14419
199920
257636
186192
351
1588
181182
57791
57697
57798
57790
30499
200499
272576
286629
231987
231988
136594
142241
142246
142243
142245
142244
31667
152103
60354
179357
140547
140550
140549
140548
234924
14433
144722
205737
193776
60193
12920
115743
11558
202220
5028
269199
58908
170118
170117
163512
199815
199816
199817
199818
17891
17913
111753
163186
17930
163196
17934
17935
200631
163193
31248
18804
19904
15731
30500
148313
159663
16615
255384
72063
112808
283164
217253
217254
236420
236419
232261
232262
141087
141088
10431
57659
288210
138485
131855
177872
138479
138524
57727
57725
143412
138480
163706
157033
211749
211725
211724
171960
171959
170630
170629
168869
168868
282307
282306
282305
282304
133553
91154
156840
178765
137425
136354
141433
141434
141437
141438
141435
239478
212247
213689
216730
177944
143330
132361
177942
184956
146911
168310
185717
9774
161929
161928
30471
140812
140816
140815
140813
258892
140819
140818
165590
168396
270486
270487
146970
146969
14135
223081
165354
165353
165352
165356
165351
165350
165349
165361
147780
205357
205356
205355
205354
57793
135142
135146
137512
143473
143448
143536
14205
137554
136550
134747
193560
78271
159809
159810
159811
139825
188958
188960
188959
141838
141843
141845
141841
141844
1241
231787
90781
242508
260569
35878
137672
231285
177947
158942
158943
164368
159378
168081
164757
138858
159311
158894
159379
158961
158945
184241
168071
17381
143558
249117
249118
152920
14182
144291
156138
156137
207235
207236
257599
232725
137304
257596
171150
171151
171152
171148
14944
59218
140512
257648
140513
257647
146996
37382
148822
148873
148821
135669
148835
134049
148843
134444
148848
148849
148789
148856
148861
148864
148870
148863
148872
148874
148906
31794
208675
210244
141753
172370
172369
172368
172367
31518
86615
141246
141245
135787
190370
190369
190368
190367
190366
104243
179064
14381
94878
160545
206308
206307
206306
232449
232450
232451
16611
132154
177175
175655
17801
151158
156920
13753
286247
31487
180561
284417
248570
132364
177179
57810
57824
57809
143354
143355
15308
59242
113035
146351
235312
193487
24591
169085
10850
257531
220353
220354
492
177456
142739
142742
142740
138638
132258
31662
140556
59480
148413
58286
215148
215147
164365
178781
244932
244931
59636
241120
179594
179593
111533
146649
146648
208971
208972
136361
244791
178703
192397
192398
192399
192400
192401
143014
233633
8251
12897
164141
270879
164142
147854
255311
255312
151094
151093
155902
155903
155904
284146
273987
166432
166433
166434
169697
169699
169698
11925
151496
151495
260429
159969
159970
159971
243848
243850
243849
132336
209651
177676
150999
151000
151001
176793
176792
176791
176790
154873
154874
163024
268717
268716
147400
234426
165560
178569
59360
140835
151679
151678
12967
170405
170406
170407
11420
442
12969
30826
11934
12972
12975
12970
142381
142384
142382
140
147186
147185
147184
149448
149449
178677
146300
154378
275386
133484
96517
160853
160852
138296
231244
270674
231245
231243
163861
163862
163863
163864
256767
144250
144252
143591
260521
210589
2823
154744
11066
141547
141545
141548
253449
253439
253440
253441
191934
125466
150505
150504
138491
214155
141812
141814
141817
12827
166895
57619
147215
248120
277046
142011
142015
142012
14988
15922
150783
13592
14432
57632
121715
148050
157559
139896
140879
146056
211446
12244
57847
134476
134478
134479
260261
282845
146540
146543
146545
146546
146544
133144
174418
139453
14370
14791
14805
243386
558
22605
22604
12852
143040
143038
151863
210124
210123
210122
149433
149435
128203
141452
175284
141453
175289
181677
181678
181679
249223
185136
185137
185138
185139
142277
142279
174942
174943
161078
161079
152173
152171
152172
57599
131982
15469
31217
31216
241599
231437
167692
167693
167694
151042
195597
195598
195599
58902
199350
140284
140285
140283
140281
140282
205640
150209
150208
1696
212376
212377
205245
10022
151244
14582
31231
15849
31230
37249
57886
141512
146258
146257
240013
169193
169194
169195
169196
140895
290293
283270
58089
151870
151871
134596
544
207502
253114
138217
138219
151794
11014
66193
11015
66206
137638
65659
65693
65663
137548
66224
65667
65673
139469
65688
65765
13374
66227
66305
66011
66112
133469
142144
142149
142148
142146
142143
142615
57890
143304
255556
255557
255558
255559
136365
134752
148027
133846
55077
201262
244182
231762
289276
143410
135352
273681
216054
216055
141908
141909
31324
15831
176723
176722
176721
140602
140606
236303
212700
157389
157388
57915
175795
81219
149138
149140
149139
31753
267070
31602
140353
140354
140355
151176
151177
149829
149833
149832
149831
149830
238309
253505
238308
237148
186647
203707
147580
203708
170328
183785
14350
4812
145788
145789
194547
257962
257961
257960
145791
82428
159064
180852
203502
203501
203500
203499
216881
203498
131922
150946
11280
218165
143699
143700
143350
37306
142109
142111
142112
164362
149472
149516
149476
149474
217547
236477
236476
236469
236475
236468
150567
16030
149026
149024
149023
149027
65652
280108
17644
16707
16708
16459
16709
16706
114221
231603
148263
158615
158616
158617
158619
236319
236310
236311
236305
30643
201992
201991
201990
188745
188744
98835
157530
216978
244049
142137
205575
142141
142138
142140
145007
196196
196195
196194
59165
148320
58600
198018
149845
149865
149864
149861
149862
131942
143845
163734
163736
11160
256320
133997
133998
133756
134001
133891
134003
134004
264579
170924
213272
183473
196829
213278
213277
153296
213276
138356
95601
138357
85938
243617
30394
158025
30395
30388
30389
30384
138409
138411
138413
138414
138415
138418
138419
138420
138426
138427
160685
95656
138297
30411
158022
158024
158060
217145
212431
221363
264575
241561
138424
217144
158023
138408
195054
150147
150191
150190
150189
165198
141549
139893
141646
141643
141644
150171
446
57598
215413
205694
205695
166098
166099
166100
201476
260493
185791
215161
215162
188161
188172
242028
202998
203001
203000
202999
159517
149756
149760
190451
149759
5251
206629
172135
151492
14546
381
426
166113
166114
166112
14206
181405
181406
181407
84448
141761
58514
148878
136765
149134
148876
152636
152644
152643
152642
152640
152638
152639
152641
152637
152635
256313
159609
1679
207735
134109
206966
32674
32887
292672
33162
36116
33075
32560
33654
279766
147315
147318
147319
147316
147317
13939
15923
17050
15801
31156
16891
16895
16892
16896
31157
31056
16894
134427
16897
30674
174947
174948
174950
174951
174953
15004
160104
160105
160106
24849
177506
206682
175940
267111
267075
267112
175941
58284
2514
16769
131859
284716
284715
284714
284713
181695
148281
149842
282282
149869
13719
142563
220116
149492
149493
158153
158157
158156
158155
158154
30470
143696
143697
269113
270848
269114
288659
224988
224987
199199
199198
146058
1585
282181
154
157
145
141
134372
134373
134374
283053
172256
18557
142458
234209
153800
153799
210278
15031
148328
145667
59155
94693
142255
149240
178132
178133
144563
75226
141759
180554
180555
177771
177775
177772
177768
138536
146159
74937
73956
70402
70171
73870
11992
10819
1872
155425
12632
70075
9842
11993
70133
73656
70189
70444
2854
70149
15291
133917
1186
11989
69964
73807
73823
13579
2919
12093
155426
127798
73806
1183
15850
192346
291491
14833
11835
213800
58494
292685
292684
143660
232284
155350
155351
152718
13629
163376
147162
142407
132464
146313
146130
134424
13576
132556
4883
134842
12222
132600
82785
130207
12462
10266
31281
133900
134892
4887
138828
58076
10145
139669
169170
32121
265865
265864
161092
161093
149083
202691
151342
233883
133636
133630
133631
133632
133634
133635
232213
173424
285424
37190
77952
16614
244326
143840
175962
175961
175960
169066
58130
131347
218436
148940
141261
141265
141264
241963
211132
211131
645
184343
101151
14025
163419
144123
92775
255029
255030
158013
158012
158011
131782
159208
159209
159210
159211
159212
136559
136561
58890
203007
210136
246947
246948
195650
232418
152229
232430
232429
57835
249276
888
210016
237029
237030
140640
140634
192167
142788
191828
155944
282230
258618
155945
155946
143928
155947
143929
155948
143930
30829
13791
215868
16100
188754
195909
195910
94406
156773
149978
149979
11054
289513
145561
15498
141848
275306
232933
232935
232936
138240
136426
136428
231859
145047
151054
151055
156916
209303
147292
178941
178942
13740
191041
191040
191039
191038
191034
191033
191035
162553
180253
14304
98138
142052
142051
142050
62094
233282
161136
148013
160887
160888
160889
160890
160891
159644
140421
140426
140427
140424
140422
140423
165466
10559
210716
210717
269120
269119
14383
134686
15788
15787
15790
15986
58085
142180
139701
171835
171837
171838
171836
171834
31149
159661
31151
140832
208329
82221
258797
150600
193763
193764
193767
193768
193770
130
17717
135748
140643
140645
140647
140650
140648
140651
140644
140646
260230
137293
1701
177205
177206
177207
80148
13879
240471
212215
204034
204035
204036
155614
10501
191980
191981
142315
199567
199568
146286
254049
254048
60674
11036
180894
132344
134955
143183
134956
30478
14081
132307
147858
248723
235738
235737
205508
143821
143824
143822
143820
14356
144769
159247
145712
176842
145978
145519
153895
153894
57900
68212
147498
136885
136890
136891
137515
115933
232565
213175
221158
70019
234795
59214
59782
146132
146133
146131
146136
146134
65436
147989
143338
618
175383
175384
175385
175386
175387
175389
146204
150450
58521
193718
193719
277101
277102
258324
258323
134394
137560
137561
137562
58127
67623
67988
68095
67994
67953
67991
67974
68002
68001
67995
68003
67975
67985
67987
67992
67728
68004
67725
67999
67688
67998
67693
67977
67996
67997
67957
67956
67726
67989
67958
206989
181697
58131
180838
205298
205299
207469
100619
12110
147117
147119
172379
176914
176916
15713
138486
109558
178099
206087
206088
72204
188451
149943
149942
149941
258198
147444
209407
16757
204414
204415
179994
234475
80978
177485
177483
177482
144799
1897
239710
68626
149042
133457
171579
7584
7534
8049
8158
8000
7930
8080
164913
164914
15467
14368
201810
201809
201808
191783
700
196432
16027
195270
177727
195271
177728
195272
177729
195273
177730
177731
195274
244778
186607
478
164318
164319
162401
162397
162398
162399
162400
235025
10179
145266
144076
189252
189253
189254
189255
189256
189257
189258
149781
214
141154
12412
30387
233906
30390
30385
30386
134586
130586
30399
137527
30398
130585
58900
130570
130569
130575
130584
174701
174702
174704
65668
68988
168952
179276
141831
141834
141833
57848
160880
135114
160881
143081
148220
132070
149502
141127
141128
141129
141130
64170
258729
258728
258727
149013
31078
581
116028
155155
31181
151383
151381
195161
273993
68737
12241
201257
31330
153998
153999
37447
279318
279317
198951
198952
208621
210309
13341
16704
276867
211224
16703
140663
140667
140669
140668
140664
16803
144453
133472
70753
145312
147105
145680
162746
147685
176996
169942
157111
241535
241534
169678
195029
195030
195031
195032
1697
17372
15704
146522
146523
146521
58126
16889
16890
31132
16888
15881
31133
31135
31136
15705
31138
12877
164314
164295
164288
164287
159466
159467
159468
139958
142835
234748
234747
86144
260377
260378
260379
260380
260381
260382
202549
141762
154742
135883
96371
156408
148866
178582
15858
16700
16699
15239
143400
57668
147764
13351
148887
148885
148888
148883
30467
68686
147267
147272
147271
147268
147269
199586
270853
10260
71824
234532
234533
234534
96072
13990
13956
151101
151100
151099
151098
241015
241014
241013
241012
145866
141823
141825
268701
209765
259975
209766
209268
209269
209270
209991
209992
209993
212232
212231
145233
201938
153661
234218
205210
210205
136232
134533
15517
173855
192653
192654
192655
192656
192657
137143
147406
286193
71790
140447
140450
162619
162623
162630
157557
157556
158963
157555
1192
148420
148427
172446
275643
172328
1667
141610
154335
166364
166365
154481
150448
150449
209808
33132
35269
11154
14215
199580
169140
248840
173910
173909
199220
199221
199727
141519
160602
158890
16098
173635
180255
15860
149535
149539
149538
248480
149537
149536
172400
172399
172398
186112
186111
186110
172397
245015
145976
156980
158227
147291
160220
151339
163008
86327
164317
155070
165218
165219
165220
165221
283606
283605
250021
250020
139923
58299
267128
237345
158822
158823
158824
158825
141071
141070
145429
16824
161489
13899
250062
151444
244994
150343
255769
169307
31160
141411
184142
149021
7078
141465
141466
151462
151464
151463
970
154094
154095
154096
154093
270495
138697
217977
186469
186470
142683
146303
159632
159631
159630
159629
159628
244234
201712
174000
244623
30808
136697
450
145230
283377
237375
13792
58701
198999
31597
268886
268885
165114
165101
166510
136604
136605
153133
253937
144167
144168
144171
144170
141690
164123
244331
244330
244329
164121
147461
275099
231796
231800
205225
205226
175890
141706
180619
30608
149424
67154
67872
148238
148236
148237
148235
134207
134208
134209
17669
248901
160954
160953
160952
160951
160950
200055
60901
141852
161859
172623
161860
134508
134961
57800
178086
143365
134280
135259
136455
135497
275195
176653
176652
161637
161636
291365
291364
222405
222406
15753
31783
71243
58935
30972
234597
276991
134511
57655
57654
137869
156411
140465
140471
140469
140467
47
150630
144694
145481
150629
10173
158200
157290
146414
257538
257537
146415
257539
253892
253890
253891
75039
150779
67915
192589
176557
191331
188485
188484
17548
15928
151498
285327
136818
133614
203168
165751
152652
152648
174777
174778
174779
174780
174801
174782
174781
145411
282722
165203
161885
166290
161884
138087
239065
249638
249637
239060
238607
231271
211428
213174
211635
132749
132654
213885
210420
210568
132849
213145
133140
213153
15839
15644
197264
15643
15640
15641
15642
15638
214021
201485
162727
162725
156835
156836
156837
156838
161996
161997
172425
172426
20411
236572
152845
140011
160094
160093
13217
149582
281970
288643
154928
31725
249051
249052
249053
186804
186806
186805
192145
192146
260246
235532
176616
267088
267089
188471
188472
188470
188469
188468
188467
188466
188465
165604
165605
225360
17522
15675
231070
231071
135483
160666
160667
160668
162005
199275
174471
199276
174472
199277
174473
130085
270671
270672
180399
270673
134070
181382
80765
180222
143842
159333
199239
199240
159334
212202
145743
145742
145741
145740
260523
144579
202407
273766
14700
14089
283097
289657
289658
290005
172265
203870
203869
50841
191751
273637
152463
138483
148329
133880
121318
121317
220023
220022
220021
220020
220019
220018
220017
136935
267148
164753
149173
138349
16197
146283
146285
183931
183932
247797
15408
179208
257413
14681
283971
134922
51007
195660
145779
145784
145780
157996
192702
141317
141321
141320
141318
141323
158607
158608
140193
140204
13859
216937
216938
124340
384
471
472
114925
9824
233940
142042
142041
142040
142039
143709
199305
254032
209213
275821
275820
275819
275816
275818
275817
226651
137004
137005
137006
137007
206780
182811
236286
182839
147542
210241
210240
147543
168122
168121
153436
153351
60297
146706
30603
205723
205722
141358
239483
239482
214137
158907
214138
158908
214139
158909
214140
158910
143479
143441
144044
215020
200662
200661
206272
161271
161272
143373
31530
257583
146138
149367
179365
140839
140840
140843
211432
168060
199443
58032
15646
148575
148578
182614
182615
182616
182617
181785
181786
154508
154509
15622
15621
169829
1595
171734
167282
171735
167284
167283
154291
255354
217994
237146
158966
142131
69022
146184
68979
126922
68978
68980
68977
246930
146301
281946
281945
281944
281943
263357
144286
281947
283104
283103
179604
179603
179602
1252
212500
212501
212502
77599
142653
142687
143717
143718
165297
150606
165296
150607
165295
213951
10445
169118
169116
169117
169115
181323
67751
167920
134605
142073
142072
137885
37421
134388
32125
137100
177176
173905
173906
244940
10514
144226
160845
144228
133593
133596
133597
133598
133599
133600
133602
133603
133604
133605
133606
133607
88667
141353
141354
147791
273785
144803
188925
188923
188922
188921
188920
188917
188918
188919
188924
243388
243389
137412
17884
17927
139968
164178
281967
157659
157660
157661
234168
180669
199000
199001
55
57
56
93448
163846
133825
133827
147954
184102
198888
15105
161281
145169
135703
135694
173981
173978
31291
115832
241508
241510
241509
145536
11926
115831
163925
115833
142657
142656
177891
138244
59643
1835
141082
141083
141080
255814
255815
255816
146224
111560
136632
236293
174079
174078
154771
240050
288653
144239
167600
235647
166673
174213
201273
55470
73247
147442
275334
147443
213354
162995
146480
146483
146481
115882
141346
141345
141348
141349
271993
210139
210322
59629
137936
134403
175258
232212
191567
191566
191565
142090
132466
157875
157874
201964
201963
201962
142018
258200
162376
162381
162377
233149
162379
283636
283635
162378
162380
143740
143741
147322
147323
37391
15342
208095
2892
133695
174707
174708
174709
174710
174711
174712
174713
174714
174715
174716
134963
134964
188927
188926
266005
270403
143999
144001
144002
167181
148922
141025
237259
151406
151405
151409
151408
151407
137948
133616
59373
138565
59633
134357
57802
146337
146340
146338
146344
180475
211824
175807
59274
59216
59343
59257
17573
232384
257660
155369
232408
206977
153314
159027
66259
259841
67210
16139
157457
57132
57106
57135
57133
57134
224455
224454
289531
256394
142452
231720
142453
148215
136628
148217
93452
159703
30712
139438
58372
139437
134432
180892
258710
180891
180890
59234
11399
253945
253946
183010
183009
13974
132084
237239
237238
57690
58500
57692
58498
58318
132343
22462
13062
139885
243114
277123
236766
236765
236764
236763
236762
236761
236760
193434
193435
193436
193437
133668
205535
146086
205534
205629
132950
132782
133124
132879
133175
132935
133206
73224
77913
77917
77885
148631
31062
11604
230641
179441
179442
156798
156799
156800
78368
149664
193031
193032
193033
18460
256502
14214
11632
147382
15432
142481
137580
137581
179609
179608
138606
138607
138768
11119
154269
171941
171942
147694
157235
157236
14277
30452
152841
58121
244252
143482
143508
244290
31336
135817
148360
154073
58266
132063
37400
144698
174852
158782
58255
12204
162534
12467
59906
143605
165063
150794
13478
13505
153554
176993
13653
269049
269051
269048
212210
241308
134212
134213
13745
285728
37435
149235
207610
270776
143270
167396
167395
167394
167392
167391
167390
167393
243280
144119
198529
191289
191288
198530
198531
198532
198533
198534
191287
148424
10015
148426
141785
57593
291801
15249
16874
144969
16253
16107
16106
16105
212311
152313
261330
261329
261328
232088
137463
232081
232085
238535
238534
184043
148651
160114
256302
160113
215116
57931
180414
146654
203840
146658
146655
151146
210671
143364
135888
153615
232181
283369
140559
140558
143369
289576
289577
289578
180177
133485
284119
17665
194791
242834
288988
220878
230713
252853
252854
256886
214530
14895
142584
195687
195688
204421
204422
59231
162062
162063
162064
184715
10838
147788
147786
57618
134931
14288
161302
152262
181714
198981
254031
148754
148753
15282
15323
138096
138097
142355
281980
142359
142357
133887
159256
159255
159257
159258
22426
145540
225365
216979
222021
209749
209750
144087
66103
65724
66291
11648
10843
65620
68719
217070
217071
217069
15975
247244
190220
145886
141594
141598
141596
141597
183095
183096
183093
111664
147010
257795
147013
181725
147012
140383
163131
163134
163132
163135
163133
148522
210276
203997
157131
164493
164492
164491
203285
159470
222225
70810
161788
161787
146497
153477
153442
153441
153443
153398
259613
17526
57805
134815
10697
238269
206907
243108
243109
243111
243110
134318
217256
217255
145870
17525
57703
173815
173776
173775
16512
232375
283247
213418
140400
140401
140405
140402
179829
236326
268980
181181
134818
144961
58915
132037
147258
134037
153915
70772
58612
162248
153500
172987
156638
257097
214341
95704
935
240084
240083
163204
207573
14347
154846
154847
58228
230825
231805
231804
186650
148606
148607
242700
34106
147902
147906
147905
147903
572
84065
17286
15797
292778
10281
156631
231660
180360
17813
111382
254383
105388
144558
144557
144559
199130
199131
199132
16568
224877
158719
224879
160020
58957
58026
160016
160025
131934
93683
180447
223250
133656
160040
159937
160402
132415
32228
31426
134903
50839
56878
37148
160088
180405
134941
186563
173322
153162
144990
30617
133681
11967
142623
142624
170342
170341
65446
147684
195524
195525
1993
199574
199575
1685
138916
138893
138920
117477
161048
161049
16346
147397
144652
217534
217533
156265
59868
141914
37228
174977
153126
65952
148962
148966
148961
148965
148967
148963
169340
162797
162798
172322
172321
172320
193473
193474
193475
193476
193477
193478
193479
193480
166915
166916
12758
9737
12342
13669
137104
162933
77852
582
166400
69351
77732
136304
192290
192289
192288
110866
149546
138149
142730
156806
156805
156807
156808
142718
153013
57818
169916
169915
239168
239167
239166
239165
139812
141490
156641
156642
211344
143155
163338
189128
189131
189130
189129
257054
258542
258543
58097
141041
148931
134934
58809
135692
173984
106824
177894
232342
248931
177893
207402
158000
158001
157998
157999
157997
213331
282064
157162
147618
147619
141614
140429
140080
142418
142419
142416
57660
135874
178354
177866
178355
57780
160942
160948
160949
135175
135176
135177
160955
207319
141782
187933
32204
142046
11904
31817
76477
141238
141998
12954
231513
134294
143917
218079
100669
259288
149260
144483
164824
184037
5376
176614
176613
137904
137905
137906
137907
142038
236432
263230
263231
143712
150819
150818
137449
65613
142273
139435
194016
194017
194018
194019
164259
209044
157649
264403
160212
1617
148750
16252
21
160992
162981
12316
147929
25909
141056
141054
141051
141052
141053
107766
161634
161635
24566
31095
37154
31438
215867
182567
182566
182565
86568
30932
16997
232441
172112
144693
217992
13916
283011
283010
283009
283008
283007
194396
143086
180220
143089
143090
143091
58258
145851
176698
180906
180907
172509
172508
172510
172507
172506
172505
172504
172503
172502
172501
14152
13913
5325
146400
146399
146402
146404
203819
289797
154364
240868
20478
19948
269072
269073
244084
240438
171889
158904
158905
15594
283607
142506
158021
158020
134382
202406
240508
138001
144085
139420
149123
144130
144131
143315
14910
14261
14904
58226
58362
31437
30735
48084
58295
32273
59467
30544
30741
48083
32029
58994
58071
177660
59466
236659
242617
236658
160593
242833
134587
11523
62986
208393
258083
10308
241787
241785
276983
67808
149065
149064
195275
195276
195277
174419
174420
174421
139020
160835
265891
265892
180871
141719
265682
162925
162924
25931
141445
141444
141446
179040
179041
182968
182970
182969
10508
8571
233053
233050
233052
233051
157509
161349
13723
142000
142002
142003
142005
142001
1866
225253
14232
132275
288002
146051
146052
288003
288004
109952
149647
149649
149650
149646
199140
199139
12354
225314
4885
137271
200334
142913
160430
175456
175455
175454
145024
13768
162719
150580
172533
157737
153090
164773
164772
26008
142509
142510
160567
160566
160565
284215
288637
288636
286543
16479
112131
16476
101270
16478
31353
16477
16480
112127
170895
259543
143879
143881
143883
143882
10956
74441
66255
264615
85937
30413
158033
173722
158221
158222
275656
158223
158224
275655
13907
246865
246864
157668
57832
147606
147605
147604
238556
1812
149132
149133
285179
285180
285181
285182
142250
142249
192689
192688
207859
207860
207861
168056
208527
208519
147540
239684
55245
175665
175664
175663
22390
31096
150503
156144
156143
58024
142115
275240
142537
169870
169871
169872
169873
169874
169875
144537
144539
625
140826
140825
140827
20153
20122
30928
116020
224192
203387
142323
187738
206993
102422
232432
232431
206373
240386
63795
151675
59022
282738
282739
178250
139965
97227
97901
16113
145829
97248
95885
217553
175907
149146
286557
149167
160896
31202
171534
171527
171528
177800
177796
177798
164315
164316
241855
68216
253491
58584
166296
285133
137198
281741
153372
177002
217539
239058
239059
240922
240923
273823
273825
273824
144688
184161
184162
184164
184163
157434
157436
157435
149402
149407
149403
149405
151482
198833
198834
165207
165208
222010
157982
237812
157983
178610
137719
178609
178611
55423
130716
30570
176111
152028
154838
133480
155055
139508
58996
155551
135788
137057
131773
177321
145652
139680
155544
136943
155543
155552
155542
120788
155547
146618
17873
155545
139507
155546
147177
217269
30963
155541
97299
155548
147575
95087
149152
97651
148273
155010
150789
212336
212337
212338
212339
11013
149686
156676
156678
156679
156677
126119
238417
267084
780
147700
172751
172752
162487
165673
158934
158935
148095
64808
64814
64815
64816
64817
64811
64812
64809
205777
163698
163721
163835
163667
9834
70248
137878
291981
291980
4703
82981
244759
244760
178508
171613
137816
137817
137818
137819
137820
137821
137822
137823
137824
137825
137826
162126
162125
162124
162123
138435
218042
239523
70769
1096
145163
224328
145166
145164
247703
247704
247706
247705
168336
168337
116018
248851
248852
248853
145019
250209
138845
211285
134497
134498
149455
9735
10937
80221
141064
82798
30507
162423
59074
132121
17394
196204
144285
144172
185956
169219
206163
145347
143463
148490
248423
248424
248425
188070
188071
188072
188073
188074
188075
188076
188077
86920
173076
173077
173078
4771
174251
282751
132362
133882
275205
185120
164367
165948
155949
5091
270795
251945
251946
60216
173186
58917
146457
146458
146459
146456
143233
143230
143231
158678
159435
146031
167714
167715
167716
275494
275495
275493
199011
57588
13048
213630
37186
213634
58361
134598
204784
154176
207668
207667
207669
235357
147564
147562
147563
147565
140089
140370
253353
161543
162456
70357
134414
70372
59403
162471
15405
290225
290226
112223
238622
208605
232456
208604
210714
210715
160235
163355
163356
163357
215096
209990
160495
209989
160496
207340
148731
149503
14029
13923
14404
16832
146926
230844
230847
230846
230845
142434
153877
13712
142066
142071
142067
142070
142069
142068
199773
161297
14687
178042
134320
134321
134322
134814
286004
286003
145892
31525
148890
195047
195046
237090
269206
153132
202053
171692
57971
285400
285401
285402
285403
259920
204356
173450
259921
180387
138255
138254
138253
290022
138043
195001
195002
156467
156470
156472
156471
15691
181740
181741
181742
236893
236892
141918
141919
141920
221155
254958
254957
258347
138552
1592
178161
178158
178162
178159
199720
199721
277089
277090
204328
204329
191390
191389
191388
191387
12201
183868
183869
140040
65948
147043
147042
147041
195090
15197
160574
283096
185103
239679
239678
191803
180082
60913
142123
291001
291002
291004
13824
218023
13873
17204
292604
16384
31142
292602
31143
292603
31141
66173
10920
135890
59405
65769
242615
236626
242614
242613
160597
242612
242611
142930
142932
231811
143542
160265
160266
244624
244626
244625
159662
169058
147655
255393
147656
147658
147659
147661
255392
255391
147657
147662
58880
148592
148593
148591
148594
148275
275651
148279
148276
192311
192312
192313
192314
211710
148629
138700
15539
148892
143042
11585
11161
76673
15410
134441
421
146635
133737
133739
133740
133741
133742
137780
243258
14153
267454
152281
157098
213176
11121
203915
142904
215034
159837
159836
147529
147530
147538
147533
147537
147536
147531
147539
147534
147535
210658
15149
249832
10481
175355
72588
180278
179429
179427
179428
155647
155648
168363
168364
168365
168366
176095
176094
173857
173858
487
148398
144806
165572
165573
165574
165575
165576
145288
145356
168505
11774
15786
202145
275208
164515
232288
232289
210608
58237
141743
153580
203037
189132
58112
231442
231443
231444
58830
22534
159419
137873
201812
144326
137775
66142
201051
177199
137774
11862
13392
137773
144328
144324
59651
68865
1579
243249
6311
145585
145586
206267
145031
16826
180650
180651
180652
180653
180654
180655
180656
134816
161908
140998
208166
140997
156210
261943
292001
292002
292003
152404
152405
61581
165110
165109
16173
212280
114817
167232
4684
173924
142306
148706
186571
148708
148710
140419
140418
192585
192584
192583
138324
147626
147629
147625
147631
147630
147627
158903
137749
11799
11814
11808
11809
11812
11815
11803
11792
235914
235915
137470
137471
137477
137487
137493
137494
137504
57621
190540
190543
190579
190556
190542
190541
159259
30501
59315
206967
133908
14289
172227
172226
172225
172224
172223
172222
178927
208078
243917
284133
150526
150525
284262
76513
162430
162429
162428
159067
173339
159069
57887
149906
149910
151647
145495
89122
214457
89724
62028
147085
152161
65434
154588
65738
65767
164371
160236
160237
283563
283562
160238
232100
69210
57856
15606
58402
58419
180562
59311
4880
91380
171123
171124
171125
171126
171127
171128
171130
257964
257966
151064
185016
257965
57680
57678
57755
140951
165712
165711
239250
75390
182280
182281
182282
182283
17345
225240
145051
6033
209205
209206
209207
209208
137889
137890
137891
137892
137893
137894
152460
152461
152462
165625
148933
138111
138110
138112
66296
20345
216475
216474
216476
57740
138745
138746
138748
138749
138750
138751
138752
138753
138754
59217
138757
138760
138761
138762
138764
138765
138766
138769
133902
138771
138773
138774
138775
138776
138777
138778
138779
138780
58138
59634
138772
147793
147796
147795
97930
282029
2581
213261
163553
169681
31909
213789
275229
140814
143374
260036
260037
5537
221102
221103
159327
159328
141352
141351
217455
217456
146488
209737
202355
148151
430
31516
147450
284603
284602
51540
51556
59342
152454
152455
137299
212640
57604
162732
211156
211157
147001
260743
247466
240924
240925
237697
141141
141140
160463
157392
58129
14305
14581
30667
14827
14423
14424
149157
158237
158532
158531
158530
218324
153604
1670
203011
203012
203013
203014
203015
203016
203017
11597
134746
191691
191692
210346
216448
151910
136352
138147
62725
150003
150004
235224
235223
14416
133860
150007
161396
256088
150486
150488
150487
150485
157751
179913
146077
146079
199501
173005
173004
144564
1619
147031
145198
4781
59482
13386
159039
178957
129035
257346
141300
141301
141305
141304
167004
167005
167006
115776
156645
193759
193760
193761
137291
151210
170266
170267
170264
170263
78193
149183
99859
136637
14308
285846
149444
186606
186520
186519
58947
211343
211342
211341
211340
136027
136030
136039
136055
136118
136122
136115
14250
233131
233130
233129
233128
137257
135699
138137
14009
14280
20490
182590
147059
147058
147057
15387
11449
142608
95044
191933
14222
14768
14364
14370
14791
14805
10282
36765
58087
13950
13880
13900
13942
13978
14035
14042
14049
14050
14225
5081
14228
14231
14268
14292
14320
14322
14366
14396
14397
14413
14431
14454
17005
137255
58078
15629
31002
31006
17006
31007
31005
17019
30995
17018
12258
31009
31149
159661
31151
269022
86603
73818
115555
140832
208329
140833
156992
82221
258797
150600
120398
193763
193764
193767
193768
193770
11804
78019
130
10490
180850
30667
14299
14346
14302
15780
30567
14487
58129
14303
30620
30585
14305
14581
15791
30586
13857
58105
15637
15636
30619
30615
58151
14452
30671
14339
30662
17717
135748
140643
140645
140647
140649
140650
140648
140651
140644
140646
65502
260230
475
65870
137293
136867
136866
136869
136868
178045
12595
147026
1701
94844
177205
177206
177207
80148
94972
365
13879
145954
145952
145953
138152
138298
240471
57919
212215
57920
32123
204034
204035
204036
14380
1645
155614
10501
135666
75447
191980
191981
133222
142315
670
199567
199568
13691
267055
134580
138894
136677
231817
57850
138895
138896
138897
138898
138623
138899
138900
138901
138902
138903
138747
146286
254049
254048
60674
11036
57865
180894
58241
154746
132344
37264
134955
143183
134956
30478
14081
132307
147858
248723
147860
10837
142731
235738
235737
205508
76246
14946
143821
143823
143824
143822
143820
71054
14356
144769
159247
145712
176842
12244
145978
117105
145519
30958
153895
153894
57900
68212
147499
147498
147497
136889
136885
136890
136891
136892
137515
32097
15102
115933
82791
232565
213175
5041
65673
60842
60867
11014
66193
11015
66206
137638
65659
65693
65663
137548
66224
65667
65661
139469
65688
65765
13374
66229
66227
66305
66011
66112
147724
221158
10790
70019
234795
148982
59214
32271
30497
137975
59782
146132
146133
146131
146136
146134
146135
65436
144108
143337
147989
143338
618
175383
175384
175385
175386
175387
175389
172
493
146420
75247
10940
146418
126791
126806
146419
126807
126808
126794
68744
144452
146424
75715
146204
12278
150450
1706
58521
193718
193719
139984
277101
277102
33175
258324
258323
134394
137560
137561
137562
15417
58127
67623
67988
68095
67994
67953
67991
67974
68002
67986
68001
67995
68003
67975
67985
67987
67992
67724
67728
68004
67725
67999
67688
67998
67693
67977
67609
68000
67996
67997
67984
67957
67956
67993
67990
67726
67989
67958
58342
206989
58098
58870
216583
30889
181697
16811
58131
180838
76210
205298
205299
14986
207469
108559
100619
12110
147117
147119
147116
147118
147115
17353
172379
14969
137282
10183
176914
176916
15713
138486
109558
143152
178099
143161
145060
206087
206088
72204
148652
123549
188451
149943
149942
149941
258198
149940
102011
16222
18419
147444
139711
209407
16757
204414
144221
204415
179994
10880
234475
80978
11784
2457
11786
11788
137749
11791
11793
11799
11801
11802
2720
11814
11159
11807
11808
11809
11810
11812
11815
2722
11803
11785
11792
143994
51026
177485
177483
177482
84096
144799
1897
1681
134089
239710
68626
149042
149043
4512
14349
430
454
133457
171579
142982
142983
142984
142985
142986
142987
142988
142989
109750
31770
142992
142993
142994
142995
142996
142997
142998
142999
143000
7928
7880
7622
7584
7534
8049
10736
8158
8000
7930
8080
77790
164913
164914
1700
13853
14250
14744
15467
142541
142571
142570
142569
142568
13828
14368
13803
58179
201810
201809
201808
13796
137471
191783
137469
137470
137472
137473
137474
137489
137476
137477
137478
137479
137480
137481
137482
137483
137484
137485
137486
137487
137488
137490
137491
137492
137493
137494
137495
131919
137497
137498
137500
137501
137502
137503
137504
137505
137506
137507
137508
161328
137499
31682
156138
156137
700
196432
13982
16027
119466
2937
205390
102380
195270
177727
195271
177728
195272
177729
195273
177730
177731
195274
146924
244778
186607
478
164318
164319
15010
162401
162397
162398
162399
162400
147266
235025
1671
10179
145266
123577
144076
93991
189253
189252
189254
189255
189256
189257
189258
149781
149782
214
60813
60874
60878
60880
60888
60887
547
10321
4577
60890
60854
60858
60865
1159
60916
532
1157
30575
157778
60910
60831
60834
60832
60807
60869
60809
60816
60825
145942
145944
60775
157794
60780
60779
157795
60808
60800
10442
60803
60833
157796
60820
60797
157797
60830
157798
60712
157799
1160
60814
60802
60804
60805
60847
157803
60844
60845
157804
157806
157807
157805
60824
60777
157808
60815
157809
60821
157810
546
4621
60889
15339
141154
141153
16483
17887
17890
17899
31886
17901
17902
17911
4549
17912
17914
17915
17920
17924
17925
12412
135
30387
233906
30390
30385
30386
130578
134586
130586
30402
30399
137527
30398
130585
130574
58900
130570
130569
130575
130584
15293
174701
174702
174704
65668
68988
168952
143323
31236
179276
15831
66235
141831
141834
141833
141832
1649
12684
12766
10931
133762
137627
57848
57849
143467
160880
135114
160881
30498
143085
143081
148220
132070
149501
149502
141127
141131
141128
141129
141130
53109
53769
53095
52765
53335
52696
53809
52647
52966
52724
52873
52906
52951
52973
52801
52824
53270
53064
53200
53129
53176
64170
258729
258728
258727
149014
149013
14134
31078
581
116028
155155
31181
31145
141421
141424
117244
151383
151381
195161
147907
273993
147908
147909
1677
1686
68737
12241
75412
1704
595
11395
201257
31330
153998
153999
37447
144276
279318
279317
144275
144274
102046
198951
198952
30831
208621
210309
58084
13341
58250
16704
276867
211224
16703
140663
140665
140670
140666
140667
140669
140668
140664
138157
16803
1678
84
144453
58231
133472
70753
145312
147105
145680
162746
147685
176996
11844
169942
157111
160413
8798
241535
241534
169678
129029
195029
195030
195031
195032
10711
1697
17372
15704
146522
146523
146524
146521
58126
16889
16890
31132
16888
15881
31133
31134
15683
31135
31136
31137
15705
15706
31138
12877
118774
164314
164295
164288
164287
135909
159466
159467
159468
139958
142835
1043
234748
234747
86144
260377
260378
260379
260380
260381
260382
61202
202549
141762
154742
97478
135883
96371
156408
148866
178582
11415
15858
5086
16700
16698
16699
15239
143399
143400
57668
57670
32103
32101
57887
136971
135902
58509
135123
32102
57762
57774
57693
57753
143932
143933
143934
143935
143936
143937
143938
143925
132386
135579
143939
107912
107920
143941
59791
147764
65489
13351
148887
148886
148885
148888
148884
148883
56034
56210
56042
56221
56232
55818
55819
56040
56228
55825
55823
56243
56039
56227
56230
56234
56222
56214
56224
55829
56226
56231
56242
55815
56216
56236
56233
55824
56219
56209
56035
56215
55828
55822
55827
56041
56038
56036
55812
55831
56217
56238
56037
56220
56213
56225
56211
55830
56229
56235
56237
56218
56223
56240
56239
56241
56248
12239
30467
142588
68686
147267
147272
147270
147271
147268
147269
199586
270853
12393
10260
71824
149517
134477
234532
234533
234534
57847
134474
134475
134476
134478
134479
134368
96072
13990
13955
13956
149147
59142
151101
151100
151099
151098
133648
241015
241014
241013
241012
145866
141823
141825
141824
4884
268701
209765
259975
209766
1613
59360
140835
140838
132409
209268
209269
209270
135266
209991
209992
209993